0 -220 0
2 -217 0
4 -214 0
6 -214 0
9 -213 0
11 -210 0
13 -213 0
15 -213 0
18 -213 0
20 -214 0
22 -214 0
25 -216 0
27 -217 0
30 -218 0
33 -222 0
40 -250 0
43 -255 0
46 -254 0
40 -209 0
40 -199 0
44 -208 0
57 -252 0
59 -251 0
62 -251 0
65 -249 0
67 -248 0
70 -248 0
72 -247 0
76 -248 0
78 -247 0
81 -246 0
84 -246 0
87 -247 0
89 -246 0
92 -245 0
96 -246 0
98 -245 0
101 -244 0
104 -244 0
106 -243 0
109 -242 0
113 -243 0
115 -242 0
119 -243 0
122 -242 0
125 -241 0
127 -240 0
130 -238 0
134 -240 0
138 -241 0
140 -239 0
143 -238 0
146 -237 0
148 -235 0
147 -228 0
155 -235 0
152 -225 0
147 -213 0
153 -217 0
139 -192 0
142 -192 0
144 -190 0
0 0 0
0 0 0
0 0 0
0 0 0
0 0 0
0 0 0
157 -179 0
157 -175 0
0 0 0
173 -185 0
175 -183 0
179 -182 0
179 -179 0
184 -180 0
186 -179 0
188 -177 0
192 -177 0
197 -177 0
255 -224 0
257 -221 0
263 -222 0
219 -181 0
221 -179 0
223 -176 0
281 -217 0
291 -220 0
295 -218 0
297 -215 0
294 -208 0
311 -215 0
304 -205 0
316 -208 0
323 -208 0
330 -208 0
0 0 0
238 -143 0
0 0 0
0 0 0
336 -187 0
0 0 0
0 0 0
320 -165 0
0 0 0
0 0 0
0 0 0
373 -173 0
374 -169 0
376 -165 0
381 -162 0
379 -157 0
386 -155 0
389 -151 0
396 -149 0
392 -143 0
399 -141 0
438 -149 0
0 0 0
0 0 0
0 0 0
0 0 0
389 -110 0
390 -106 0
401 -104 0
403 -100 0
404 -96 0
409 -92 0
419 -90 0
421 -86 0
416 -80 0
291 -53 0
294 -50 0
401 -64 0
400 -59 0
400 -55 0
396 -50 0
401 -47 0
370 -39 0
403 -38 0
403 -34 0
407 -30 0
408 -26 0
410 -21 0
410 -17 0
414 -13 0
394 -8 0
391 -4 0
380 0 0
377 4 0
377 8 0
382 12 0
384 16 0
386 20 0
385 24 0
392 29 0
397 33 0
392 37 0
404 43 0
414 48 0
409 52 0
413 57 0
411 61 0
411 66 0
411 70 0
374 68 0
409 79 0
403 82 0
375 80 0
406 92 0
405 96 0
404 100 0
403 105 0
402 109 0
402 113 0
356 105 0
239 73 0
240 76 0
231 76 0
230 78 0
230 81 0
229 83 0
228 86 0
227 88 0
226 90 0
227 94 0
205 87 0
204 89 0
205 92 0
204 94 0
203 97 0
201 99 0
215 108 0
0 0 0
211 112 0
252 137 0
0 0 0
249 143 0
203 119 0
202 121 0
203 125 0
199 125 0
0 0 0
115 76 0
111 75 0
110 76 0
0 0 0
88 63 0
85 63 0
82 62 0
80 62 0
78 61 0
76 61 0
74 61 0
72 61 0
70 60 0
69 60 0
67 60 0
65 60 0
64 60 0
62 60 0
62 60 0
61 61 0
60 62 0
56 59 0
55 59 0
54 59 0
54 60 0
53 60 0
52 61 0
53 63 0
54 65 0
58 72 0
59 75 0
59 76 0
59 78 0
59 80 0
59 81 0
58 83 0
58 84 0
58 86 0
58 88 0
58 90 0
58 92 0
58 94 0
57 95 0
0 0 0
57 99 0
64 115 0
63 115 0
60 114 0
53 103 0
49 99 0
48 98 0
47 99 0
46 99 0
46 102 0
45 103 0
48 114 0
47 113 0
45 113 0
43 112 0
42 112 0
41 112 0
39 112 0
38 111 0
36 112 0
35 111 0
33 109 0
32 110 0
31 110 0
29 110 0
28 110 0
27 109 0
25 108 0
24 109 0
23 109 0
22 109 0
21 108 0
19 109 0
9 56 0
8 55 0
8 55 0
7 55 0
7 55 0
6 55 0
5 54 0
5 54 0
4 54 0
4 54 0
3 54 0
2 55 0
2 55 0
1 56 0
1 58 0
0 43 0
0 44 0
0 43 0
0 44 0
-1 43 0
-1 44 0
-4 89 0
-5 84 0
-7 106 0
-6 80 0
-7 80 0
-8 82 0
-12 105 0
-11 89 0
-11 82 0
-12 81 0
-16 104 0
-12 72 0
-19 104 0
-13 70 0
-14 70 0
-14 69 0
-15 69 0
-16 70 0
-13 54 0
-14 54 0
-18 69 0
-19 70 0
-13 44 0
-13 44 0
0 0 0
0 0 0
0 0 0
-18 52 0
-19 52 0
-19 52 0
-19 51 0
-20 51 0
-20 49 0
-21 49 0
-21 48 0
-21 48 0
-22 48 0
-22 47 0
-23 47 0
-23 47 0
-23 46 0
-24 46 0
-24 45 0
-25 45 0
-25 45 0
-26 44 0
-27 45 0
-27 45 0
-28 44 0
-28 44 0
-29 44 0
-29 43 0
-30 43 0
-31 44 0
-31 43 0
-32 43 0
-33 43 0
-33 43 0
-34 43 0
-35 43 0
-35 43 0
-36 42 0
-37 43 0
-36 42 0
0 0 0
0 0 0
0 0 0
-56 59 0
-56 57 0
-57 57 0
-57 55 0
-57 55 0
-58 54 0
-58 54 0
-59 53 0
-60 52 0
-60 52 0
-61 51 0
-62 51 0
-63 50 0
-63 50 0
-64 49 0
-64 48 0
-65 48 0
-66 48 0
-67 47 0
-68 47 0
-69 47 0
-70 46 0
-72 46 0
-73 46 0
-74 46 0
-77 46 0
-80 47 0
0 0 0
0 0 0
0 0 0
0 0 0
0 0 0
0 0 0
0 0 0
0 0 0
0 0 0
0 0 0
0 0 0
0 0 0
-121 50 0
-122 49 0
-122 47 0
-123 46 0
-123 45 0
-125 44 0
-125 42 0
-127 41 0
-127 40 0
-129 39 0
-130 38 0
-131 37 0
-134 36 0
-135 35 0
-138 34 0
-143 34 0
-42 9 0
-297 64 0
-53 11 0
-298 57 0
-34 6 0
-262 44 0
-262 42 0
-263 39 0
-357 49 0
-367 47 0
-364 42 0
-363 38 0
-364 34 0
-363 30 0
-361 26 0
-172 11 0
-173 9 0
-173 7 0
0 0 0
-453 9 0
-445 4 0
-462 0 0
-371 -3 0
-453 -9 0
-445 -14 0
-338 -14 0
-338 -17 0
-453 -28 0
-444 -33 0
-444 -37 0
-443 -42 0
-443 -47 0
-447 -52 0
-442 -56 0
-446 -62 0
-441 -66 0
-226 -36 0
-439 -75 0
-437 -79 0
-383 -74 0
-380 -77 0
-436 -94 0
-419 -95 0
-401 -95 0
-372 -92 0
-431 -112 0
-431 -117 0
-430 -121 0
-321 -94 0
-434 -132 0
-433 -137 0
-431 -142 0
-438 -149 0
-436 -154 0
-411 -150 0
-409 -154 0
-218 -84 0
-363 -146 0
-377 -156 0
-425 -181 0
-423 -186 0
-421 -190 0
-419 -195 0
0 0 0
-415 -204 0
0 0 0
-411 -212 0
0 0 0
0 0 0
-421 -235 0
0 0 0
-416 -244 0
0 0 0
0 0 0
0 0 0
0 0 0
0 0 0
0 0 0
0 0 0
0 0 0
0 0 0
0 0 0
0 0 0
0 0 0
0 0 0
-392 -316 0
-388 -320 0
-369 -311 0
-365 -315 0
-347 -305 0
-344 -309 0
-335 -307 0
-268 -251 0
-261 -250 0
-257 -252 0
-254 -254 0
-253 -259 0
-249 -259 0
-246 -262 0
-241 -262 0
-242 -269 0
-245 -279 0
-255 -296 0
-252 -298 0
-245 -296 0
-238 -294 0
-234 -296 0
-224 -290 0
-217 -287 0
-214 -290 0
-210 -291 0
-205 -290 0
-201 -291 0
-195 -289 0
-190 -287 0
-187 -289 0
-181 -287 0
-175 -285 0
-170 -283 0
-167 -284 0
-163 -286 0
-128 -229 0
-124 -228 0
-150 -283 0
-145 -281 0
-140 -279 0
-117 -238 0
-113 -237 0
-109 -235 0
-107 -236 0
-104 -237 0
-100 -236 0
-7 -17 0
-7 -19 0
-8 -21 0
-8 -22 0
-99 -271 0
-95 -271 0
-92 -270 0
-89 -270 0
-86 -271 0
-83 -272 0
-64 -217 0
-76 -271 0
-73 -269 0
-60 -232 0
-57 -229 0
-54 -227 0
-32 -144 0
-30 -142 0
-29 -144 0
-28 -147 0
-26 -144 0
-38 -225 0
-36 -226 0
-34 -228 0
-31 -228 0
-29 -231 0
-25 -214 0
-24 -225 0
-25 -261 0
-22 -264 0
-19 -262 0
-16 -261 0
-11 -216 0
-9 -218 0
-8 -261 0
-5 -245 0
-2 -222 0
