0 -261 0
2 -228 0
4 -223 0
7 -220 0
9 -217 0
11 -216 0
13 -215 0
16 -215 0
18 -214 0
20 -216 0
22 -213 0
25 -214 0
27 -215 0
29 -215 0
32 -216 0
35 -218 0
38 -221 0
45 -249 0
48 -251 0
52 -254 0
54 -254 0
57 -253 0
48 -205 0
62 -251 0
65 -251 0
68 -250 0
70 -250 0
73 -249 0
76 -250 0
79 -249 0
82 -248 0
84 -247 0
87 -247 0
90 -247 0
92 -246 0
95 -245 0
98 -245 0
101 -244 0
104 -244 0
106 -243 0
109 -242 0
113 -243 0
115 -242 0
118 -241 0
122 -242 0
125 -241 0
127 -240 0
130 -238 0
132 -237 0
136 -238 0
140 -239 0
143 -238 0
146 -237 0
148 -236 0
151 -234 0
153 -232 0
157 -233 0
160 -231 0
162 -230 0
168 -233 0
171 -231 0
147 -194 0
147 -190 0
0 0 0
0 0 0
0 0 0
0 0 0
0 0 0
0 0 0
159 -177 0
161 -176 0
0 0 0
175 -183 0
177 -181 0
183 -183 0
185 -181 0
186 -179 0
188 -177 0
191 -175 0
193 -173 0
197 -173 0
201 -173 0
263 -222 0
266 -219 0
268 -216 0
274 -216 0
228 -176 0
283 -214 0
290 -214 0
297 -215 0
299 -211 0
305 -211 0
299 -202 0
316 -208 0
313 -202 0
320 -202 0
332 -205 0
352 -211 0
354 -208 0
356 -204 0
358 -200 0
0 0 0
0 0 0
320 -165 0
0 0 0
324 -159 0
0 0 0
378 -175 0
375 -169 0
381 -167 0
378 -161 0
380 -157 0
385 -154 0
383 -149 0
390 -147 0
328 -120 0
399 -141 0
331 -113 0
402 -132 0
0 0 0
392 -120 0
392 -115 0
396 -112 0
396 -107 0
395 -103 0
399 -99 0
405 -96 0
407 -92 0
401 -86 0
416 -85 0
422 -81 0
405 -73 0
405 -69 0
295 -47 0
407 -60 0
407 -56 0
401 -51 0
402 -47 0
401 -42 0
385 -36 0
371 -31 0
407 -30 0
403 -25 0
408 -21 0
410 -17 0
411 -13 0
411 -8 0
398 -4 0
396 0 0
389 4 0
378 8 0
381 12 0
382 16 0
383 20 0
385 24 0
385 28 0
389 33 0
392 37 0
400 42 0
414 48 0
413 52 0
413 57 0
412 61 0
411 66 0
411 70 0
410 74 0
409 79 0
408 83 0
407 87 0
406 92 0
405 96 0
404 100 0
403 105 0
396 107 0
402 113 0
400 118 0
356 109 0
398 126 0
231 76 0
230 78 0
230 81 0
229 83 0
228 86 0
227 88 0
226 90 0
227 94 0
226 96 0
225 98 0
205 92 0
228 106 0
203 97 0
223 109 0
258 130 0
223 115 0
215 114 0
221 120 0
0 0 0
250 143 0
118 69 0
209 125 0
113 69 0
206 130 0
91 59 0
114 75 0
110 74 0
109 75 0
81 57 0
88 63 0
86 63 0
82 62 0
80 62 0
78 61 0
76 61 0
74 61 0
71 60 0
70 60 0
68 60 0
66 60 0
65 60 0
64 60 0
62 60 0
62 60 0
61 61 0
58 59 0
56 58 0
55 59 0
54 59 0
54 60 0
53 60 0
53 62 0
54 64 0
54 65 0
59 73 0
59 75 0
59 76 0
59 78 0
59 80 0
59 81 0
58 83 0
58 84 0
58 86 0
58 88 0
58 89 0
57 91 0
57 93 0
57 95 0
55 94 0
56 98 0
57 103 0
63 115 0
60 114 0
51 99 0
49 97 0
48 97 0
46 98 0
45 98 0
45 101 0
45 102 0
48 113 0
46 112 0
45 112 0
43 111 0
42 112 0
40 111 0
39 111 0
38 111 0
36 111 0
34 109 0
33 109 0
32 110 0
31 109 0
29 109 0
28 109 0
27 108 0
25 108 0
24 109 0
23 108 0
22 108 0
21 108 0
10 55 0
9 55 0
8 54 0
8 54 0
7 53 0
6 53 0
6 53 0
5 53 0
5 53 0
4 52 0
3 52 0
3 53 0
2 54 0
2 55 0
1 53 0
0 42 0
0 42 0
0 40 0
0 40 0
0 40 0
-1 40 0
-1 39 0
-2 40 0
-5 80 0
-5 73 0
-3 39 0
-6 70 0
-8 78 0
-9 78 0
-10 83 0
-13 99 0
-11 80 0
-11 73 0
-13 79 0
-12 69 0
-8 43 0
-10 49 0
-10 49 0
-22 97 0
-12 53 0
-13 54 0
-13 53 0
-19 73 0
-11 42 0
-12 42 0
-15 50 0
-15 49 0
-17 52 0
-18 52 0
-18 51 0
-18 50 0
-19 50 0
-19 49 0
-19 49 0
-19 48 0
-20 47 0
-20 47 0
-21 46 0
-21 46 0
-21 46 0
-22 45 0
-22 45 0
-22 44 0
-23 44 0
-23 43 0
-24 43 0
-24 43 0
-25 43 0
-25 42 0
-26 42 0
-26 42 0
-27 42 0
-28 42 0
-28 42 0
-29 41 0
-29 41 0
-29 41 0
-30 41 0
-31 41 0
-31 41 0
-32 41 0
-33 41 0
-34 41 0
-34 41 0
-35 41 0
-36 42 0
-37 41 0
-52 57 0
-40 43 0
-55 57 0
-54 55 0
-55 55 0
-56 55 0
-57 54 0
-56 53 0
-57 52 0
-58 52 0
-58 51 0
-59 50 0
-61 51 0
-60 49 0
-60 49 0
-61 48 0
-61 47 0
-63 47 0
-63 46 0
-64 46 0
-65 46 0
-65 45 0
-66 44 0
-67 44 0
-68 43 0
-69 43 0
-70 43 0
-71 43 0
-73 43 0
-75 43 0
-77 43 0
-81 44 0
-114 60 0
-116 60 0
-116 58 0
-116 57 0
-118 56 0
-117 54 0
-119 53 0
-119 52 0
-121 51 0
-121 50 0
-123 49 0
-121 47 0
-122 46 0
-122 44 0
-122 43 0
-123 42 0
-123 40 0
-124 39 0
-125 38 0
-126 37 0
-127 35 0
-128 34 0
-129 33 0
-130 32 0
-132 31 0
-135 30 0
-137 29 0
-357 73 0
-358 69 0
-358 65 0
-355 61 0
-363 58 0
-170 25 0
-260 36 0
-260 33 0
-347 40 0
-364 38 0
-364 34 0
-363 30 0
-363 27 0
-363 23 0
-360 19 0
-367 15 0
-171 5 0
-171 3 0
-171 1 0
-445 0 0
-453 -4 0
-453 -9 0
-377 -12 0
-453 -19 0
-445 -23 0
-445 -28 0
-334 -24 0
-444 -37 0
-443 -42 0
-443 -47 0
-442 -51 0
-442 -56 0
-441 -61 0
-441 -66 0
-440 -70 0
-447 -76 0
-221 -40 0
-437 -84 0
-436 -89 0
-443 -95 0
-356 -80 0
-433 -103 0
-432 -107 0
-411 -107 0
-369 -100 0
-368 -104 0
-427 -126 0
-434 -132 0
-315 -100 0
-439 -144 0
-429 -146 0
-428 -151 0
-426 -155 0
-424 -160 0
-408 -158 0
-405 -162 0
-213 -88 0
-360 -153 0
-358 -157 0
-421 -190 0
-419 -195 0
-417 -199 0
-415 -204 0
-413 -208 0
-420 -217 0
-417 -221 0
-406 -221 0
-412 -230 0
-401 -230 0
0 0 0
-413 -248 0
-411 -253 0
-426 -268 0
-414 -267 0
-403 -266 0
-400 -270 0
-389 -269 0
-378 -267 0
-368 -266 0
-299 -221 0
-287 -217 0
-284 -220 0
-280 -221 0
-280 -226 0
-275 -227 0
-385 -324 0
-373 -321 0
-362 -319 0
-359 -322 0
-348 -319 0
-337 -316 0
-328 -314 0
-266 -260 0
-256 -256 0
-252 -257 0
-249 -259 0
-244 -260 0
-243 -265 0
-238 -265 0
-237 -270 0
-228 -265 0
-212 -252 0
-248 -301 0
-246 -304 0
-242 -306 0
-231 -299 0
-228 -302 0
-221 -299 0
-190 -263 0
-205 -290 0
-205 -296 0
-199 -294 0
-195 -296 0
-192 -298 0
-186 -296 0
-180 -293 0
-175 -291 0
-172 -293 0
-166 -290 0
-161 -288 0
-157 -289 0
-154 -291 0
-149 -288 0
-131 -260 0
-141 -288 0
-137 -288 0
-131 -283 0
-109 -242 0
-105 -240 0
-102 -239 0
-99 -240 0
-96 -241 0
-85 -219 0
-82 -218 0
-79 -216 0
-76 -217 0
-74 -218 0
-90 -274 0
-88 -278 0
-84 -275 0
-80 -273 0
-77 -274 0
-74 -275 0
-60 -232 0
-68 -273 0
-64 -271 0
-53 -234 0
-49 -230 0
-46 -229 0
-43 -226 0
-41 -227 0
-39 -227 0
-36 -228 0
-34 -230 0
-31 -228 0
-29 -229 0
-26 -229 0
0 0 0
-22 -232 0
-18 -218 0
-16 -224 0
-16 -264 0
-14 -264 0
-11 -262 0
-8 -262 0
-4 -215 0
-2 -215 0
