0 -205 0
2 -205 0
4 -199 0
6 -205 0
8 -199 0
10 -199 0
12 -199 0
14 -199 0
4 -50 0
18 -197 0
23 -216 0
24 -210 0
26 -208 0
28 -204 0
30 -201 0
32 -201 0
34 -201 0
36 -200 0
38 -200 0
40 -199 0
42 -199 0
45 -200 0
47 -200 0
50 -203 0
53 -205 0
56 -208 0
70 -250 0
74 -251 0
79 -259 0
83 -262 0
86 -261 0
88 -260 0
91 -259 0
96 -263 0
99 -262 0
101 -261 0
106 -264 0
78 -188 0
80 -187 0
82 -188 0
120 -266 0
126 -271 0
130 -273 0
133 -271 0
136 -270 0
141 -272 0
145 -274 0
148 -273 0
155 -278 0
159 -277 0
144 -246 0
148 -246 0
171 -279 0
153 -243 0
0 0 0
0 0 0
0 0 0
0 0 0
0 0 0
0 0 0
0 0 0
213 -282 0
218 -283 0
228 -289 0
136 -169 0
139 -168 0
231 -274 0
233 -270 0
234 -266 0
244 -271 0
250 -273 0
0 0 0
19 -20 0
23 -24 0
225 -225 0
228 -223 0
59 -57 0
98 -92 0
315 -290 0
0 0 0
144 -127 0
232 -200 0
147 -124 0
318 -262 0
0 0 0
324 -256 0
0 0 0
0 0 0
0 0 0
259 -187 0
0 0 0
0 0 0
337 -227 0
235 -155 0
239 -154 0
277 -174 0
279 -171 0
337 -203 0
319 -187 0
324 -185 0
343 -192 0
339 -185 0
341 -181 0
343 -177 0
346 -174 0
347 -170 0
349 -166 0
350 -163 0
290 -131 0
308 -135 0
333 -142 0
351 -145 0
353 -142 0
355 -138 0
356 -134 0
357 -130 0
354 -125 0
355 -121 0
357 -117 0
359 -114 0
359 -110 0
361 -106 0
365 -103 0
365 -99 0
367 -95 0
364 -90 0
365 -86 0
365 -82 0
367 -79 0
368 -75 0
369 -71 0
374 -68 0
375 -64 0
376 -60 0
376 -56 0
377 -52 0
377 -48 0
378 -44 0
379 -40 0
385 -36 0
385 -32 0
386 -28 0
387 -24 0
387 -20 0
247 -10 0
240 -7 0
238 -5 0
237 -2 0
235 0 0
207 2 0
208 4 0
209 6 0
210 8 0
210 11 0
211 13 0
213 15 0
242 20 0
244 23 0
270 28 0
223 26 0
218 27 0
217 30 0
218 32 0
219 35 0
219 37 0
221 40 0
222 43 0
219 44 0
214 46 0
209 47 0
122 29 0
208 51 0
193 50 0
191 51 0
187 53 0
184 54 0
179 55 0
182 58 0
116 38 0
114 39 0
112 39 0
109 40 0
107 40 0
106 41 0
103 41 0
104 43 0
105 45 0
109 48 0
104 47 0
0 0 0
0 0 0
0 0 0
0 0 0
0 0 0
0 0 0
0 0 0
0 0 0
0 0 0
0 0 0
0 0 0
114 70 0
118 74 0
117 75 0
115 76 0
114 77 0
63 43 0
110 77 0
62 45 0
107 79 0
106 80 0
103 80 0
102 81 0
100 81 0
101 83 0
67 56 0
65 56 0
63 55 0
61 55 0
60 55 0
59 55 0
58 56 0
57 55 0
55 55 0
55 56 0
54 57 0
53 56 0
52 57 0
52 58 0
51 58 0
50 58 0
49 58 0
49 60 0
48 59 0
48 61 0
47 61 0
47 62 0
46 62 0
45 63 0
45 64 0
44 64 0
44 66 0
44 66 0
43 68 0
43 69 0
42 69 0
42 71 0
43 73 0
43 75 0
43 77 0
28 52 0
53 99 0
51 100 0
50 100 0
49 101 0
48 101 0
47 102 0
21 48 0
45 104 0
44 103 0
43 104 0
42 104 0
41 105 0
39 105 0
0 0 0
0 0 0
0 0 0
33 100 0
34 107 0
33 108 0
24 83 0
19 69 0
22 81 0
20 79 0
14 60 0
18 76 0
17 76 0
16 76 0
15 76 0
14 75 0
13 75 0
12 74 0
12 75 0
11 75 0
10 75 0
9 75 0
8 73 0
8 76 0
7 78 0
6 75 0
5 75 0
4 75 0
4 75 0
3 76 0
2 76 0
1 76 0
0 77 0
0 77 0
0 78 0
-1 78 0
-2 79 0
-3 80 0
-3 71 0
-5 84 0
-6 84 0
-7 87 0
0 0 0
-13 128 0
-15 134 0
-17 134 0
-18 135 0
-20 136 0
-22 137 0
-23 138 0
-25 139 0
-27 140 0
-28 141 0
-30 141 0
-32 143 0
-34 143 0
-36 144 0
-22 87 0
-23 86 0
-24 87 0
-26 88 0
-26 87 0
-48 151 0
-50 152 0
-52 153 0
-54 155 0
-56 155 0
-59 157 0
-61 157 0
-64 159 0
-66 160 0
-69 162 0
-71 163 0
-74 164 0
-77 166 0
-80 168 0
-83 170 0
-85 170 0
-85 166 0
-87 165 0
-88 162 0
-90 161 0
-92 162 0
-107 182 0
-112 186 0
-111 180 0
-109 174 0
0 0 0
-103 156 0
-105 155 0
-108 157 0
-99 140 0
-100 139 0
-101 136 0
-101 134 0
-105 136 0
-107 136 0
-115 143 0
-115 140 0
-116 138 0
-117 136 0
-118 135 0
-119 132 0
-120 131 0
-124 132 0
-131 137 0
-146 150 0
-151 151 0
-175 172 0
-243 233 0
-246 231 0
-245 225 0
-255 229 0
-256 225 0
-259 223 0
-292 246 0
-297 245 0
-304 246 0
-349 275 0
-345 267 0
-348 263 0
-351 259 0
-354 256 0
-351 248 0
-359 248 0
-355 240 0
-329 217 0
-336 217 0
-349 220 0
-354 218 0
-362 217 0
-364 214 0
-365 209 0
-366 204 0
-359 195 0
-366 194 0
-303 157 0
-364 183 0
-367 180 0
-369 176 0
-379 176 0
-376 170 0
-359 158 0
-322 137 0
-294 122 0
-392 157 0
-391 152 0
-386 145 0
-383 139 0
-383 135 0
-386 131 0
-394 129 0
-401 127 0
-409 125 0
-419 123 0
-435 123 0
-438 119 0
-439 114 0
-439 109 0
-370 88 0
-354 80 0
-451 97 0
-452 92 0
-463 89 0
-381 69 0
0 0 0
0 0 0
-467 70 0
0 0 0
0 0 0
-468 54 0
0 0 0
-424 40 0
-427 36 0
-435 32 0
-444 28 0
-444 23 0
-444 18 0
-452 14 0
0 0 0
-452 4 0
0 0 0
0 0 0
0 0 0
0 0 0
0 0 0
0 0 0
0 0 0
-379 -28 0
-326 -27 0
-326 -31 0
-331 -35 0
-335 -39 0
-336 -43 0
-339 -47 0
-335 -50 0
-338 -54 0
-333 -57 0
0 0 0
0 0 0
0 0 0
0 0 0
0 0 0
0 0 0
0 0 0
0 0 0
-241 -65 0
-244 -69 0
-243 -71 0
-248 -76 0
-252 -80 0
-224 -73 0
-218 -74 0
-219 -77 0
-213 -77 0
-210 -79 0
-206 -80 0
-204 -82 0
-203 -84 0
-203 -86 0
-207 -91 0
-201 -91 0
-204 -94 0
-210 -100 0
-207 -101 0
-206 -103 0
-207 -107 0
-210 -111 0
-214 -116 0
-216 -120 0
-227 -130 0
-224 -131 0
-222 -133 0
-220 -135 0
-217 -137 0
-215 -138 0
-213 -141 0
-210 -142 0
-208 -144 0
-168 -118 0
-163 -118 0
-164 -121 0
-146 -110 0
-143 -110 0
-141 -111 0
-140 -113 0
-138 -114 0
-139 -117 0
-160 -138 0
-182 -160 0
-143 -129 0
-139 -127 0
-137 -128 0
-133 -128 0
-132 -129 0
-130 -130 0
-128 -131 0
-127 -132 0
-125 -134 0
-125 -136 0
-124 -138 0
-124 -141 0
-124 -143 0
-124 -147 0
-152 -184 0
-135 -168 0
-123 -156 0
-121 -156 0
-117 -155 0
-115 -155 0
-113 -156 0
-111 -157 0
-109 -158 0
-108 -159 0
-106 -161 0
-104 -162 0
-103 -164 0
-102 -166 0
-100 -167 0
-100 -171 0
-99 -173 0
0 0 0
0 0 0
0 0 0
0 0 0
0 0 0
0 0 0
0 0 0
0 0 0
0 0 0
0 0 0
0 0 0
0 0 0
0 0 0
0 0 0
0 0 0
0 0 0
0 0 0
0 0 0
0 0 0
0 0 0
0 0 0
0 0 0
0 0 0
0 0 0
0 0 0
0 0 0
0 0 0
0 0 0
0 0 0
0 0 0
0 0 0
0 0 0
0 0 0
0 0 0
0 0 0
0 0 0
0 0 0
0 0 0
0 0 0
0 0 0
0 0 0
0 0 0
0 0 0
0 0 0
0 0 0
0 0 0
0 0 0
0 0 0
