0 0 0
2 -224 0
4 -211 0
6 -209 0
8 -205 0
10 -205 0
12 -203 0
15 -203 0
17 -203 0
19 -203 0
21 -202 0
23 -202 0
25 -202 0
28 -204 0
30 -203 0
33 -206 0
35 -208 0
38 -212 0
49 -255 0
52 -254 0
55 -259 0
59 -261 0
62 -264 0
66 -266 0
69 -266 0
72 -268 0
76 -270 0
79 -269 0
82 -268 0
86 -271 0
89 -270 0
65 -193 0
67 -192 0
70 -193 0
104 -276 0
107 -275 0
111 -277 0
114 -276 0
118 -278 0
123 -281 0
128 -283 0
131 -282 0
135 -284 0
140 -286 0
136 -270 0
132 -255 0
136 -256 0
156 -288 0
141 -253 0
162 -284 0
8 -14 0
8 -14 0
7 -12 0
10 -16 0
8 -13 0
11 -17 0
198 -293 0
201 -291 0
213 -301 0
214 -296 0
117 -159 0
131 -173 0
218 -283 0
221 -280 0
223 -276 0
231 -279 0
235 -279 0
241 -280 0
10 -12 0
11 -12 0
11 -12 0
218 -232 0
220 -230 0
46 -47 0
68 -68 0
160 -157 0
67 -65 0
13 -12 0
142 -130 0
144 -129 0
144 -127 0
146 -126 0
0 0 0
0 0 0
321 -259 0
0 0 0
326 -252 0
258 -195 0
257 -190 0
324 -235 0
327 -231 0
324 -224 0
235 -159 0
273 -180 0
275 -177 0
333 -210 0
330 -203 0
316 -190 0
334 -196 0
336 -192 0
337 -188 0
340 -185 0
341 -181 0
344 -178 0
341 -171 0
347 -170 0
343 -164 0
345 -160 0
298 -135 0
292 -128 0
332 -142 0
336 -139 0
353 -142 0
355 -138 0
351 -132 0
353 -129 0
355 -125 0
360 -123 0
360 -118 0
362 -115 0
363 -111 0
361 -106 0
365 -103 0
363 -98 0
364 -94 0
368 -91 0
369 -87 0
367 -83 0
366 -79 0
368 -75 0
369 -71 0
369 -67 0
375 -64 0
376 -60 0
376 -56 0
377 -52 0
377 -48 0
378 -44 0
378 -40 0
379 -36 0
379 -32 0
385 -28 0
386 -24 0
387 -20 0
386 -16 0
386 -12 0
387 -8 0
387 -4 0
243 0 0
239 2 0
237 5 0
236 7 0
205 8 0
208 11 0
208 13 0
209 15 0
210 17 0
211 20 0
210 22 0
212 24 0
240 30 0
243 33 0
269 40 0
219 35 0
214 36 0
216 39 0
215 41 0
217 44 0
217 46 0
217 49 0
218 52 0
220 54 0
215 56 0
210 57 0
122 34 0
120 35 0
122 37 0
0 0 0
189 62 0
187 63 0
183 64 0
180 65 0
177 67 0
174 67 0
115 46 0
112 46 0
110 47 0
108 47 0
106 48 0
103 48 0
101 48 0
101 49 0
101 51 0
99 51 0
101 53 0
99 54 0
100 56 0
0 0 0
100 59 0
0 0 0
0 0 0
0 0 0
0 0 0
0 0 0
0 0 0
0 0 0
0 0 0
106 76 0
114 84 0
112 85 0
113 87 0
109 86 0
107 86 0
105 87 0
104 88 0
59 50 0
100 88 0
102 92 0
97 89 0
95 89 0
94 90 0
92 90 0
91 91 0
62 64 0
60 62 0
58 61 0
56 61 0
55 61 0
54 61 0
52 61 0
51 61 0
50 61 0
49 61 0
48 61 0
48 62 0
47 62 0
46 62 0
45 63 0
45 63 0
43 63 0
43 63 0
42 64 0
42 65 0
41 65 0
40 65 0
39 65 0
39 67 0
38 67 0
38 68 0
37 68 0
37 69 0
36 70 0
35 70 0
35 71 0
34 73 0
34 73 0
33 74 0
33 75 0
32 77 0
32 78 0
32 80 0
32 83 0
39 104 0
38 106 0
37 106 0
18 52 0
35 106 0
34 107 0
32 107 0
31 108 0
30 108 0
29 109 0
28 109 0
27 109 0
26 109 0
24 110 0
23 110 0
20 100 0
21 110 0
18 102 0
19 111 0
17 111 0
16 111 0
9 71 0
8 69 0
9 82 0
6 63 0
6 64 0
6 79 0
5 78 0
5 78 0
4 77 0
3 77 0
2 77 0
1 76 0
0 76 0
0 75 0
0 75 0
-1 75 0
-2 75 0
-3 75 0
-3 74 0
-4 77 0
-5 77 0
-6 75 0
-7 75 0
-8 75 0
-8 75 0
-9 76 0
-10 76 0
-11 76 0
-12 77 0
-13 75 0
-13 72 0
-15 77 0
-16 78 0
-17 79 0
-17 78 0
-18 79 0
-20 81 0
-21 82 0
-23 84 0
-24 87 0
-37 128 0
-39 128 0
-40 128 0
-42 129 0
-44 129 0
-45 130 0
-47 130 0
-49 130 0
-51 131 0
-52 131 0
-54 132 0
-56 132 0
-58 133 0
-60 133 0
-62 135 0
-64 135 0
-40 81 0
-40 81 0
-41 80 0
-75 142 0
-75 137 0
-77 138 0
-79 138 0
-81 139 0
-84 140 0
-86 140 0
-89 141 0
-91 141 0
-94 143 0
-96 143 0
-99 143 0
-102 144 0
-105 145 0
-107 145 0
-110 146 0
-114 147 0
-117 149 0
-119 148 0
-120 146 0
-121 143 0
-122 141 0
-122 138 0
-123 136 0
-124 135 0
-126 134 0
-129 135 0
-130 133 0
-145 145 0
0 0 0
-148 142 0
0 0 0
-128 117 0
-128 115 0
-129 113 0
-130 112 0
-130 110 0
-130 107 0
-133 108 0
-136 107 0
-144 111 0
-145 110 0
-145 107 0
-146 106 0
-146 103 0
-148 102 0
-147 99 0
-150 99 0
-157 101 0
-172 108 0
-178 110 0
-185 111 0
-213 125 0
-281 161 0
-299 167 0
-301 164 0
-302 160 0
-304 157 0
-305 153 0
-306 150 0
-330 157 0
-350 162 0
-352 159 0
-360 158 0
-401 171 0
-403 167 0
-405 162 0
-407 158 0
-283 106 0
-410 149 0
-412 145 0
-399 136 0
-375 123 0
-382 121 0
-394 120 0
-399 117 0
-406 115 0
-407 110 0
-407 106 0
-407 101 0
-407 96 0
-402 91 0
-399 86 0
-400 81 0
-400 77 0
-402 73 0
-409 70 0
-414 66 0
-395 59 0
-396 55 0
-339 43 0
-316 37 0
-425 45 0
-420 40 0
-418 35 0
-411 30 0
-407 25 0
-406 21 0
-406 17 0
-412 13 0
-415 8 0
-427 4 0
-429 0 0
-452 -4 0
-452 -9 0
-452 -14 0
-453 -19 0
-453 -24 0
-381 -24 0
-362 -27 0
-460 -39 0
-459 -44 0
-469 -50 0
-384 -45 0
-468 -59 0
-383 -53 0
-457 -68 0
-466 -74 0
-456 -78 0
-464 -84 0
-474 -91 0
-428 -87 0
-414 -89 0
-433 -98 0
-432 -102 0
-424 -105 0
-430 -112 0
-437 -118 0
-428 -121 0
-314 -92 0
0 0 0
0 0 0
0 0 0
0 0 0
0 0 0
0 0 0
0 0 0
0 0 0
0 0 0
-299 -123 0
-298 -127 0
-300 -131 0
-299 -135 0
-301 -140 0
-304 -145 0
-311 -152 0
-305 -153 0
-308 -159 0
-306 -162 0
-296 -161 0
-302 -169 0
-293 -167 0
0 0 0
0 0 0
0 0 0
0 0 0
0 0 0
0 0 0
-210 -142 0
-208 -144 0
-207 -146 0
-209 -151 0
-209 -154 0
-211 -159 0
-186 -144 0
-181 -143 0
0 0 0
-176 -145 0
-173 -146 0
-170 -146 0
-168 -148 0
-165 -149 0
-163 -150 0
-162 -152 0
-163 -157 0
-155 -152 0
-156 -156 0
-164 -167 0
-161 -168 0
-158 -168 0
-156 -170 0
-157 -175 0
-159 -180 0
-160 -186 0
-163 -194 0
-165 -200 0
-163 -202 0
-161 -204 0
-158 -204 0
-155 -204 0
-152 -206 0
-148 -205 0
-146 -207 0
-144 -208 0
-139 -207 0
-110 -166 0
-108 -168 0
-105 -167 0
-112 -183 0
-106 -176 0
-116 -199 0
-122 -213 0
-119 -214 0
-117 -216 0
-87 -165 0
-91 -176 0
-100 -200 0
-85 -173 0
-81 -170 0
-79 -170 0
-76 -169 0
-74 -169 0
-72 -169 0
-70 -169 0
-68 -170 0
-67 -172 0
-65 -173 0
-63 -174 0
-62 -176 0
-61 -178 0
-59 -180 0
-59 -186 0
-70 -229 0
-57 -193 0
-54 -192 0
-51 -190 0
-49 -188 0
-46 -188 0
-44 -187 0
-42 -188 0
-40 -188 0
-38 -188 0
-36 -189 0
-34 -189 0
-32 -190 0
-30 -191 0
-28 -192 0
-27 -195 0
-25 -197 0
-23 -198 0
-21 -204 0
-20 -209 0
-17 -205 0
-1 -18 0
-1 -21 0
0 -17 0
0 -21 0
0 -21 0
0 -19 0
0 -22 0
