0 0 0
2 -224 0
4 -212 0
6 -209 0
8 -205 0
10 -205 0
12 -203 0
15 -203 0
17 -207 0
19 -203 0
21 -202 0
23 -202 0
25 -202 0
28 -204 0
30 -203 0
33 -206 0
35 -208 0
38 -212 0
49 -255 0
52 -255 0
55 -259 0
59 -261 0
62 -263 0
66 -266 0
69 -266 0
72 -265 0
76 -270 0
79 -269 0
82 -268 0
86 -271 0
89 -270 0
65 -193 0
67 -192 0
70 -193 0
104 -276 0
107 -275 0
110 -274 0
114 -276 0
120 -282 0
125 -284 0
128 -283 0
131 -282 0
135 -284 0
138 -282 0
136 -270 0
132 -255 0
136 -257 0
156 -288 0
0 0 0
0 0 0
0 0 0
145 -242 0
124 -202 0
119 -189 0
120 -187 0
123 -186 0
125 -185 0
131 -190 0
136 -192 0
214 -296 0
0 0 0
131 -173 0
219 -284 0
221 -280 0
223 -276 0
231 -279 0
237 -282 0
242 -281 0
0 0 0
0 0 0
0 0 0
218 -232 0
0 0 0
0 0 0
67 -67 0
160 -156 0
0 0 0
0 0 0
142 -130 0
143 -129 0
0 0 0
0 0 0
0 0 0
0 0 0
321 -259 0
0 0 0
0 0 0
261 -197 0
257 -190 0
324 -235 0
332 -235 0
329 -227 0
235 -159 0
274 -181 0
275 -177 0
333 -210 0
330 -203 0
316 -190 0
333 -195 0
336 -192 0
337 -188 0
340 -185 0
342 -181 0
344 -178 0
346 -174 0
347 -170 0
349 -166 0
350 -163 0
298 -135 0
292 -128 0
333 -142 0
339 -140 0
353 -142 0
355 -138 0
351 -132 0
353 -129 0
355 -125 0
360 -123 0
360 -118 0
362 -115 0
363 -111 0
364 -107 0
365 -103 0
363 -98 0
367 -95 0
369 -92 0
369 -87 0
371 -84 0
371 -80 0
0 0 0
0 0 0
0 0 0
0 0 0
0 0 0
0 0 0
0 0 0
0 0 0
0 0 0
372 -39 0
368 -35 0
368 -31 0
378 -28 0
0 0 0
0 0 0
0 0 0
0 0 0
0 0 0
0 0 0
243 0 0
239 2 0
237 5 0
236 7 0
209 8 0
236 12 0
208 13 0
209 15 0
210 17 0
210 20 0
210 22 0
211 24 0
241 30 0
243 33 0
269 40 0
217 34 0
214 36 0
216 39 0
215 41 0
217 44 0
217 46 0
218 49 0
217 51 0
220 54 0
214 55 0
210 57 0
121 34 0
120 35 0
122 37 0
0 0 0
189 62 0
187 63 0
183 64 0
180 65 0
177 67 0
174 67 0
115 46 0
112 46 0
110 47 0
108 47 0
106 48 0
103 48 0
101 48 0
101 49 0
100 50 0
0 0 0
101 53 0
0 0 0
0 0 0
0 0 0
0 0 0
0 0 0
0 0 0
0 0 0
0 0 0
0 0 0
0 0 0
0 0 0
0 0 0
104 75 0
114 84 0
112 85 0
0 0 0
109 86 0
107 86 0
105 87 0
104 88 0
59 50 0
100 88 0
0 0 0
97 89 0
94 88 0
94 90 0
92 90 0
91 91 0
62 64 0
60 62 0
58 61 0
56 61 0
55 61 0
54 61 0
52 61 0
51 61 0
50 61 0
49 61 0
48 61 0
48 62 0
47 62 0
46 62 0
45 63 0
44 62 0
43 63 0
43 63 0
42 64 0
42 65 0
41 65 0
40 65 0
39 65 0
39 67 0
38 67 0
38 68 0
37 68 0
37 69 0
36 70 0
35 70 0
35 71 0
34 73 0
34 73 0
33 74 0
33 75 0
32 77 0
32 78 0
32 80 0
32 83 0
39 104 0
38 106 0
37 106 0
18 52 0
35 106 0
34 107 0
0 0 0
31 108 0
30 108 0
29 109 0
28 109 0
27 109 0
26 109 0
0 0 0
23 110 0
0 0 0
0 0 0
0 0 0
0 0 0
17 111 0
16 111 0
0 0 0
8 69 0
9 82 0
0 0 0
6 63 0
6 79 0
5 78 0
5 78 0
4 77 0
3 77 0
2 77 0
1 76 0
0 76 0
0 75 0
0 75 0
-1 75 0
-2 75 0
-3 75 0
-3 74 0
-4 77 0
-5 77 0
-6 75 0
-7 75 0
-8 75 0
-8 75 0
-9 76 0
-10 76 0
-11 76 0
-12 77 0
0 0 0
-13 72 0
-15 77 0
-16 78 0
-16 78 0
-17 78 0
-19 80 0
-20 81 0
-21 82 0
-23 84 0
-24 87 0
-37 128 0
-39 128 0
-40 128 0
-42 129 0
-44 129 0
-45 130 0
-47 130 0
-49 130 0
-51 131 0
-52 131 0
-54 132 0
-56 132 0
-58 133 0
-60 133 0
-62 135 0
-64 135 0
-40 82 0
-40 81 0
0 0 0
0 0 0
-75 137 0
-77 138 0
-79 138 0
-81 139 0
-84 140 0
-86 140 0
-89 141 0
-91 141 0
-94 143 0
-96 143 0
-100 144 0
-103 146 0
-105 145 0
-107 145 0
-110 146 0
-114 147 0
-117 149 0
-119 148 0
-120 146 0
0 0 0
-122 141 0
-122 139 0
-123 136 0
-124 135 0
-125 134 0
-128 133 0
0 0 0
0 0 0
0 0 0
0 0 0
0 0 0
-128 117 0
-128 115 0
-129 113 0
-130 112 0
-130 110 0
-131 108 0
-133 108 0
-136 107 0
-144 111 0
-145 109 0
-145 107 0
-146 106 0
-146 103 0
-148 102 0
-147 99 0
-151 100 0
-155 100 0
0 0 0
-178 110 0
-185 111 0
0 0 0
-283 162 0
-299 167 0
-301 164 0
-302 160 0
-304 157 0
-306 154 0
-306 150 0
-328 156 0
-350 162 0
-353 159 0
-360 158 0
-401 171 0
-403 167 0
0 0 0
-413 161 0
-283 106 0
-410 149 0
-412 145 0
-399 136 0
-375 123 0
-382 121 0
-394 120 0
-398 117 0
-406 115 0
-407 110 0
-407 106 0
-408 101 0
-408 97 0
-408 92 0
-399 86 0
-400 81 0
-401 77 0
-402 73 0
-409 70 0
-414 66 0
-396 59 0
-395 54 0
-346 44 0
-317 37 0
-420 44 0
-419 40 0
-418 35 0
-411 30 0
-408 26 0
-406 21 0
-407 17 0
-412 13 0
-415 8 0
-425 4 0
-428 0 0
-452 -4 0
-453 -9 0
-452 -14 0
-453 -19 0
-453 -24 0
-453 -28 0
-357 -26 0
-460 -39 0
-459 -44 0
-469 -50 0
-385 -45 0
0 0 0
0 0 0
-457 -68 0
0 0 0
0 0 0
0 0 0
-473 -91 0
0 0 0
-414 -89 0
0 0 0
-432 -102 0
-431 -107 0
-430 -112 0
-437 -118 0
-429 -121 0
-314 -92 0
0 0 0
0 0 0
0 0 0
0 0 0
0 0 0
0 0 0
0 0 0
0 0 0
0 0 0
0 0 0
-298 -127 0
-300 -131 0
-299 -135 0
0 0 0
-296 -141 0
0 0 0
-302 -152 0
0 0 0
0 0 0
-296 -161 0
0 0 0
0 0 0
0 0 0
0 0 0
0 0 0
0 0 0
0 0 0
0 0 0
-212 -143 0
-210 -145 0
-207 -146 0
-209 -151 0
-209 -154 0
-211 -159 0
0 0 0
-181 -143 0
0 0 0
-176 -145 0
-173 -146 0
-171 -148 0
-168 -148 0
-165 -148 0
-162 -149 0
-162 -152 0
-162 -155 0
-155 -152 0
-156 -156 0
-164 -167 0
-161 -168 0
-158 -168 0
-156 -170 0
-157 -175 0
-159 -180 0
-160 -186 0
-163 -194 0
-165 -200 0
-163 -202 0
-161 -204 0
-158 -204 0
-155 -204 0
-152 -205 0
-148 -205 0
-146 -207 0
-144 -208 0
-141 -208 0
-110 -166 0
-108 -168 0
-106 -169 0
-112 -183 0
-105 -174 0
-115 -197 0
-122 -213 0
-119 -214 0
-117 -216 0
-87 -165 0
-91 -175 0
-100 -200 0
-85 -173 0
-81 -171 0
-79 -170 0
-77 -170 0
-74 -169 0
-72 -169 0
-70 -169 0
-68 -170 0
-67 -172 0
-65 -173 0
-63 -174 0
-62 -177 0
-60 -177 0
-59 -181 0
-59 -186 0
-70 -229 0
-57 -193 0
-54 -192 0
-51 -191 0
-49 -188 0
-46 -188 0
-44 -187 0
-42 -188 0
-40 -188 0
-38 -188 0
-36 -189 0
-34 -189 0
-32 -190 0
-30 -191 0
-28 -192 0
-27 -195 0
-25 -197 0
-23 -198 0
-21 -204 0
-20 -211 0
-17 -205 0
0 0 0
0 0 0
0 0 0
0 0 0
0 0 0
0 0 0
0 0 0
